начальный план
0.95 -0.84 0.56 -0.78 0.07 -0.51 0.24 -0.57 0.09 -0.62 0.64 -0.08 0.58 -0.09 0.7 -0.1 0.58 -0.37 0.07 -0.27 0.72 -0.44 0.25 -0.75 0.42 
веса начального план
0.04 0.04 0.04 0.04 0.04 0.04 0.04 0.04 0.04 0.04 0.04 0.04 0.04 0.04 0.04 0.04 0.04 0.04 0.04 0.04 0.04 0.04 0.04 0.04 0.04 

оптимальный план
0.95 0.42 -0.9 0.89 0.88 -0.89 0.87 -0.88 -0.41 -0.16 -0.15 -0.14 -0.87 -0.42 -0.43 0.15 0.14 0.44 0.43 0.16 -0.4 0.42 0.13 0.17 -0.39 -0.38 
веса оптимального плана
0.0384615 0.0384615 0.0384615 0.0384615 0.0384615 0.0384615 0.0384615 0.0384615 0.0384615 0.0384615 0.0384615 0.0384615 0.0384615 0.0384615 0.0384615 0.0384615 0.0384615 0.0384615 0.0384615 0.0384615 0.0384615 0.0384615 0.0384615 0.0384615 0.0384615 0.0384615 
отклик
3.4771 3.5728 3.3814 3.0624 3.19 2.8072 3.3176 3.3176 3.19 3.4452 2.9029 3.19 2.7753 2.871 2.8072 3.19 2.8391 2.8391 3.2857 3.3495 2.871 3.3814 2.871 3.2538 2.9029 3.3495 
