0.00790254 1.34962 -0.840691 0.807284 0.00295565 -0.00272709
-0.0055266 0.0184973 0.0021621 0.00295565 0.134328 0.0918559
0.00183655 0.0021621 0.00802437 -0.00272709 0.0918559 0.0678916
0.00280718 0.00295565 -0.00272709 0.0033389 -0.0419955 -0.0293761
-0.0123622 0.0529127 -0.00928712 0.0159992 0.0679307 0.0282417
0.00635534 -0.00928712 0.01424 -0.00791059 0.0282417 0.0202452











-0.9 0.9 0.04
-0.9 0.8 0.04
-0.7 -0.7 0.04
-0.7 0.6 0.04
-0.5 -0.5 0.04
-0.4 0.5 0.04
-0.3 -0.4 0.04
-0.2 0.4 0.04
-0.1 -0.3 0.04
0.1 0.3 0.04
0.3 -0.2 0.04
0.3 0.2 0.04
0.4 -0.1 0.04
0.5 0.1 0.04
0.6 0.1 0.04
0.7 -0.1 0.04
0.8 0.2 0.04
0.9 -0.2 0.04
0.9 0.3 0.04
-0.9 -0.3 0.04
0.8 0.4 0.04 
-0.8 -0.4 0.04
-0.7 0.5 0.04
0.7 -0.5 0.04
-0.7 -0.6 0.04